71998206720184
56326676695811
54056737509366
39055591673621
69394989047327
8809081332020
32040574173307
12238635162578
24821340960736
23584738972011
1915870888082
8139825849319
28869626786919
6088515087108
98433796805134
93312170812863
71266749676981
2746820796468
52896863974565
29045416382877
91279837780577
65739265309381
59689233903967
72677935520392
73427628129070
6322119890641
90700405791873
79381948312265
24833001539552
97033274736173
10060441514657
34227347147258
2131860286845
90844236079440
78449720112181
3446375302304
88057137466684
25415806767755
85506235582708
19461751912529
7686710935668
96497581154700
74443767520559
83685797461857
87990948998343
86268478177991
50149577807684
86127352262263
59093139475820
21702141078811
28529389913141
6276369229296
71947159554127
90107224888476
20965379925938
87214143278507
40778059413671
893090279365
57548463530891
59346782221411
81820915463543
60729796705487
2350854675094
87349321467229
64535402515876
26809686929877
23110979441233
40679836558884
74386765668921
22560567963430
69409025923105
78168396117784
31968457300933
75937421577617
99290657919005
27952518903375
77791389370300
94232910483218
47709971380077
39686047116069
82529498190008
34810192085073
73403357333023
35094137664419
28268976019296
42212300629110
41548418437037
75471693753491
14819105752906
20501313885942
93832747771909
72885142731131
61324427167040
84202612597559
82634147152794
96949272164487
28223178914711
87551848831239
3389592389853
45650066384235
7835878460311
89855611391601
77555831891066
83767167876367
27567676609240
6740463323518
72599402738877
73426041885304
66837996768771
10529933381496
87677284049434
46928593000604
60889976216134
88662548781552
58583296407882
90206886750973
51020927741788
47976832850209
63155579011456
76919320521061
26696886016905
53683542384098
54261639905995
85530186394951
89528404952287
64477485199500
83878144419928
49791711212407
11322353833949
10217017050678
62766907288286
26408568816220
44965842714651
39609908170644
86254914292202
16398311551168
40757226938868
87537453457508
4428028234207
81997675063113
19068072610485
47002388035112
32188949803959
53345979999149
83818979117614
56278863161504
3152396860468
7887025468156
62517926393735
89506078443964
58773320577199
67630580142274
48083312786001
38525689475724
69479762867788
91680414090246
93841103468069
9553396881778
3690805175322
38278333115342
8654450125989
84551936166417
91612348922044
67918438475061
23926597664903
3280312525322
1099540329201
35979290806708
45410799674637
72811238974550
45261219383753
97586678998922
82693738888669
11235531355063
97286045647872
73130751432445
77885049796014
94937840255801
98227868080251
35433796998390
86924906017959
25488866575900
58558066183729
48885457812253
29195409250480
84907129138672
79391420822799
27414414456160
69142111867418
65494024015835
20180556695814
28488135146461
53453462983532
64057915759580
96603520400334
64460467277995
8812460720539
50297859174413
54829826658750
50789963721530
1
